000000000000
000100000000
000101101010
000110111011
001000000000
001000111100
001001110011
001010100101
001011010100
001100000000
001100101010
001101010001
001101110111
001110011011
001110111110
001111011111
010000000000
010000100000
010000111110
010001011100
010001111001
010010010101
010010110001
010011001100
010011100110
010100000000
010100011001
010100110010
010101001011
010101100011
010101111010
010110010001
010110101000
010110111111
010111010101
010111101011
011000000000
011000010101
011000101010
011000111111
011001010011
011001100111
011001111011
011010001111
011010100010
011010110101
011011001000
011011011011
011011101110
011100000000
011100010010
011100100100
011100110110
011101001000
011101011001
011101101011
011101111100
011110001101
011110011110
011110101110
011110111111
011111001111
011111100000
011111110000
100000000000
100000010000
100000100000
100000101111
100000111111
100001001110
100001011110
100001101101
100001111100
100010001011
100010011010
100010101001
100010111000
100011000110
100011010101
100011100011
100011110010
100100000000
100100001110
100100011100
100100101010
100100111000
100101000110
100101010100
100101100001
100101101111
100101111101
100110001010
100110010111
100110100101
100110110010
100110111111
100111001100
100111011001
100111100110
100111110011
101000000000
101000001101
101000011001
101000100110
101000110011
101000111111
101001001100
101001011000
101001100100
101001110001
101001111101
101010001001
101010010101
101010100001
101010101101
101010111001
101011000101
101011010001
101011011101
101011101001
101011110100
101100000000
101100001100
101100010111
101100100011
101100101110
101100111010
101101000101
101101010000
101101011100
101101100111
101101110010
101101111101
101110001000
101110010011
101110011110
101110101001
101110110100
101110111111
101111001010
101111010101
101111100000
101111101011
101111110101
110000000000
110000001011
110000010101
110000100000
110000101010
110000110101
110000111111
110001001010
110001010100
110001011111
110001101001
110001110011
110001111101
110010001000
110010010010
110010011100
110010100110
110010110000
110010111010
110011000100
110011001110
110011011000
110011100010
110011101100
110011110110
110100000000
110100001010
110100010100
110100011101
110100100111
110100110001
110100111011
110101000100
110101001110
110101010111
110101100001
110101101011
110101110100
110101111110
110110000111
110110010001
110110011010
110110100011
110110101101
110110110110
110110111111
110111001001
110111010010
110111011011
110111100100
110111101110
110111110111
111000000000
111000001001
111000010010
111000011011
111000100100
111000101101
111000110110
111000111111
111001001000
111001010001
111001011010
111001100011
111001101100
111001110101
111001111110
111010000111
111010001111
111010011000
111010100001
111010101010
111010110010
111010111011
111011000100
111011001100
111011010101
111011011110
111011100110
111011101111
111011110111
111100000000
111100001001
111100010001
111100011010
111100100010
111100101010
111100110011
111100111011
111101000100
111101001100
111101010100
111101011101
111101100101
111101101101
111101110110
111101111110
111110000110
111110001110
111110010111
111110011111
111110100111
111110101111
111110110111
111110111111
111111001000
111111010000
111111011000
111111100000
111111101000
111111110000
111111111000
L
000000000000
000000000000
000000000000
000000000001
000000000001
000000000010
000000000010
000000000011
000000000100
000000000101
000000000110
000000001000
000000001001
000000001011
000000001100
000000001110
000000010000
000000010010
000000010100
000000010111
000000011001
000000011100
000000011110
000000100001
000000100100
000000100111
000000101010
000000101110
000000110001
000000110101
000000111000
000000111100
000001000000
000001000100
000001001000
000001001101
000001010001
000001010110
000001011010
000001011111
000001100100
000001101001
000001101110
000001110100
000001111001
000001111111
000010000100
000010001010
000010010000
000010010110
000010011100
000010100011
000010101001
000010110000
000010110110
000010111101
000011000100
000011001011
000011010010
000011011010
000011100001
000011101001
000011110000
000011111000
000100000000
000100001000
000100010000
000100011001
000100100001
000100101010
000100110010
000100111011
000101000100
000101001101
000101010110
000101100000
000101101001
000101110011
000101111100
000110000110
000110010000
000110011010
000110100100
000110101111
000110111001
000111000100
000111001110
000111011001
000111100100
000111101111
000111111010
001000000110
001000010001
001000011101
001000101000
001000110100
001001000000
001001001100
001001011000
001001100101
001001110001
001001111110
001010001010
001010010111
001010100100
001010110001
001010111110
001011001100
001011011001
001011100111
001011110100
001100000010
001100010000
001100011110
001100101100
001100111011
001101001001
001101011000
001101100110
001101110101
001110000100
001110010011
001110100010
001110110010
001111000001
001111010001
001111100000
001111110000
010000000000
010000010000
010000100000
010000110001
010001000001
010001010010
010001100010
010001110011
010010000100
010010010101
010010100110
010010111000
010011001001
010011011011
010011101100
010011111110
010100010000
010100100010
010100110100
010101000111
010101011001
010101101100
010101111110
010110010001
010110100100
010110110111
010111001010
010111011110
010111110001
011000000101
011000011000
011000101100
011001000000
011001010100
011001101000
011001111101
011010010001
011010100110
011010111010
011011001111
011011100100
011011111001
011100001110
011100100100
011100111001
011101001111
011101100100
011101111010
011110010000
011110100110
011110111100
011111010011
011111101001
100000000000
100000010110
100000101101
100001000100
100001011011
100001110010
100010001010
100010100001
100010111001
100011010000
100011101000
100100000000
100100011000
100100110000
100101001001
100101100001
100101111010
100110010010
100110101011
100111000100
100111011101
100111110110
101000010000
101000101001
101001000011
101001011100
101001110110
101010010000
101010101010
101011000100
101011011111
101011111001
101100010100
101100101110
101101001001
101101100100
101101111111
101110011010
101110110110
101111010001
101111101101
110000001000
110000100100
110001000000
110001011100
110001111000
110010010101
110010110001
110011001110
110011101010
110100000111
110100100100
110101000001
110101011110
110101111100
110110011001
110110110111
110111010100
110111110010
111000010000
111000101110
111001001100
111001101011
111010001001
111010101000
111011000110
111011100101
111100000100
111100100011
111101000010
111101100010
111110000001
111110100001
111111000000
111111100000
L
111111111111
111111111000
111111110000
111111101000
111111100000
111111011000
111111010000
111111001000
111110111111
111110110111
111110101111
111110100111
111110011111
111110010111
111110001110
111110000110
111101111110
111101110110
111101101101
111101100101
111101011101
111101010100
111101001100
111101000100
111100111011
111100110011
111100101010
111100100010
111100011010
111100010001
111100001001
111100000000
111011110111
111011101111
111011100110
111011011110
111011010101
111011001100
111011000100
111010111011
111010110010
111010101010
111010100001
111010011000
111010001111
111010000111
111001111110
111001110101
111001101100
111001100011
111001011010
111001010001
111001001000
111000111111
111000110110
111000101101
111000100100
111000011011
111000010010
111000001001
111000000000
110111110111
110111101110
110111100100
110111011011
110111010010
110111001001
110110111111
110110110110
110110101101
110110100011
110110011010
110110010001
110110000111
110101111110
110101110100
110101101011
110101100001
110101010111
110101001110
110101000100
110100111011
110100110001
110100100111
110100011101
110100010100
110100001010
110100000000
110011110110
110011101100
110011100010
110011011000
110011001110
110011000100
110010111010
110010110000
110010100110
110010011100
110010010010
110010001000
110001111101
110001110011
110001101001
110001011111
110001010100
110001001010
110000111111
110000110101
110000101010
110000100000
110000010101
110000001011
110000000000
101111110101
101111101011
101111100000
101111010101
101111001010
101110111111
101110110100
101110101001
101110011110
101110010011
101110001000
101101111101
101101110010
101101100111
101101011100
101101010000
101101000101
101100111010
101100101110
101100100011
101100010111
101100001100
101100000000
101011110100
101011101001
101011011101
101011010001
101011000101
101010111001
101010101101
101010100001
101010010101
101010001001
101001111101
101001110001
101001100100
101001011000
101001001100
101000111111
101000110011
101000100110
101000011001
101000001101
101000000000
100111110011
100111100110
100111011001
100111001100
100110111111
100110110010
100110100101
100110010111
100110001010
100101111101
100101101111
100101100001
100101010100
100101000110
100100111000
100100101010
100100011100
100100001110
100100000000
100011110010
100011100011
100011010101
100011000110
100010111000
100010101001
100010011010
100010001011
100001111100
100001101101
100001011110
100001001110
100000111111
100000101111
100000100000
100000010000
100000000000
011111110000
011111100000
011111001111
011110111111
011110101110
011110011110
011110001101
011101111100
011101101011
011101011001
011101001000
011100110110
011100100100
011100010010
011100000000
011011101110
011011011011
011011001000
011010110101
011010100010
011010001111
011001111011
011001100111
011001010011
011000111111
011000101010
011000010101
011000000000
010111101011
010111010101
010110111111
010110101000
010110010001
010101111010
010101100011
010101001011
010100110010
010100011001
010100000000
010011100110
010011001100
010010110001
010010010101
010001111001
010001011100
010000111110
010000100000
010000000000
001111011111
001110111110
001110011011
001101110111
001101010001
001100101010
001100000000
001011010100
001010100101
001001110011
001000111100
001000000000
000110111011
000101101010
000100000000
L
111111111111
111111100000
111111000000
111110100001
111110000001
111101100010
111101000010
111100100011
111100000100
111011100101
111011000110
111010101000
111010001001
111001101011
111001001100
111000101110
111000010000
110111110010
110111010100
110110110111
110110011001
110101111100
110101011110
110101000001
110100100100
110100000111
110011101010
110011001110
110010110001
110010010101
110001111000
110001011100
110001000000
110000100100
110000001000
101111101101
101111010001
101110110110
101110011010
101101111111
101101100100
101101001001
101100101110
101100010100
101011111001
101011011111
101011000100
101010101010
101010010000
101001110110
101001011100
101001000011
101000101001
101000010000
100111110110
100111011101
100111000100
100110101011
100110010010
100101111010
100101100001
100101001001
100100110000
100100011000
100100000000
100011101000
100011010000
100010111001
100010100001
100010001010
100001110010
100001011011
100001000100
100000101101
100000010110
100000000000
011111101001
011111010011
011110111100
011110100110
011110010000
011101111010
011101100100
011101001111
011100111001
011100100100
011100001110
011011111001
011011100100
011011001111
011010111010
011010100110
011010010001
011001111101
011001101000
011001010100
011001000000
011000101100
011000011000
011000000101
010111110001
010111011110
010111001010
010110110111
010110100100
010110010001
010101111110
010101101100
010101011001
010101000111
010100110100
010100100010
010100010000
010011111110
010011101100
010011011011
010011001001
010010111000
010010100110
010010010101
010010000100
010001110011
010001100010
010001010010
010001000001
010000110001
010000100000
010000010000
010000000000
001111110000
001111100000
001111010001
001111000001
001110110010
001110100010
001110010011
001110000100
001101110101
001101100110
001101011000
001101001001
001100111011
001100101100
001100011110
001100010000
001100000010
001011110100
001011100111
001011011001
001011001100
001010111110
001010110001
001010100100
001010010111
001010001010
001001111110
001001110001
001001100101
001001011000
001001001100
001001000000
001000110100
001000101000
001000011101
001000010001
001000000110
000111111010
000111101111
000111100100
000111011001
000111001110
000111000100
000110111001
000110101111
000110100100
000110011010
000110010000
000110000110
000101111100
000101110011
000101101001
000101100000
000101010110
000101001101
000101000100
000100111011
000100110010
000100101010
000100100001
000100011001
000100010000
000100001000
000100000000
000011111000
000011110000
000011101001
000011100001
000011011010
000011010010
000011001011
000011000100
000010111101
000010110110
000010110000
000010101001
000010100011
000010011100
000010010110
000010010000
000010001010
000010000100
000001111111
000001111001
000001110100
000001101110
000001101001
000001100100
000001011111
000001011010
000001010110
000001010001
000001001101
000001001000
000001000100
000001000000
000000111100
000000111000
000000110101
000000110001
000000101110
000000101010
000000100111
000000100100
000000100001
000000011110
000000011100
000000011001
000000010111
000000010100
000000010010
000000010000
000000001110
000000001100
000000001011
000000001001
000000001000
000000000110
000000000101
000000000100
000000000011
000000000010
000000000010
000000000001
000000000001
000000000000
000000000000
L
000000000000
000000000000
000000000001
000000000010
000000000100
000000000110
000000001001
000000001100
000000010000
000000010100
000000011001
000000011110
000000100100
000000101010
000000110000
000000110111
000000111111
000001000111
000001001111
000001011000
000001100010
000001101011
000001110110
000010000000
000010001011
000010010111
000010100010
000010101110
000010111011
000011001000
000011010101
000011100011
000011110001
000011111111
000100001110
000100011101
000100101100
000100111100
000101001100
000101011100
000101101100
000101111101
000110001110
000110011111
000110110001
000111000011
000111010100
000111100111
000111111001
001000001100
001000011110
001000110001
001001000100
001001010111
001001101011
001001111110
001010010010
001010100110
001010111010
001011001110
001011100010
001011110110
001100001010
001100011111
001100110011
001101001000
001101011100
001101110001
001110000110
001110011010
001110101111
001111000100
001111011000
001111101101
010000000010
010000010111
010000101100
010001000000
010001010101
010001101010
010001111111
010010010011
010010101000
010010111100
010011010001
010011100101
010011111010
010100001110
010100100011
010100110111
010101001011
010101011111
010101110011
010110000111
010110011011
010110101111
010111000011
010111010110
010111101010
010111111101
011000010000
011000100100
011000110111
011001001010
011001011101
011001110000
011010000010
011010010101
011010100111
011010111010
011011001100
011011011110
011011110000
011100000010
011100010100
011100100101
011100110111
011101001000
011101011010
011101101011
011101111100
011110001101
011110011110
011110101110
011110111111
011111001111
011111100000
011111110000
100000000000
100000010000
100000100000
100000101111
100000111111
100001001110
100001011110
100001101101
100001111100
100010001011
100010011010
100010101000
100010110111
100011000101
100011010100
100011100010
100011110000
100011111110
100100001100
100100011010
100100100111
100100110101
100101000010
100101001111
100101011101
100101101010
100101110110
100110000011
100110010000
100110011101
100110101001
100110110101
100111000010
100111001110
100111011010
100111100110
100111110001
100111111101
101000001001
101000010100
101000100000
101000101011
101000110110
101001000001
101001001100
101001010111
101001100010
101001101100
101001110111
101010000001
101010001100
101010010110
101010100000
101010101010
101010110100
101010111110
101011001000
101011010010
101011011100
101011100101
101011101111
101011111000
101100000001
101100001011
101100010100
101100011101
101100100110
101100101111
101100110111
101101000000
101101001001
101101010001
101101011010
101101100010
101101101011
101101110011
101101111011
101110000011
101110001011
101110010011
101110011011
101110100011
101110101010
101110110010
101110111010
101111000001
101111001001
101111010000
101111010111
101111011111
101111100110
101111101101
101111110100
101111111011
110000000010
110000001001
110000010000
110000010111
110000011101
110000100100
110000101010
110000110001
110000110111
110000111110
110001000100
110001001010
110001010001
110001010111
110001011101
110001100011
110001101001
110001101111
110001110101
110001111011
110010000001
110010000110
110010001100
110010010010
110010010111
110010011101
110010100010
110010101000
110010101101
110010110011
110010111000
110010111101
110011000010
110011001000
L
000000000000
000000000000
000000000000
000000000000
000000000000
000000000001
000000000001
000000000001
000000000010
000000000010
000000000011
000000000100
000000000101
000000000101
000000000110
000000000111
000000001001
000000001010
000000001011
000000001101
000000001110
000000010000
000000010010
000000010011
000000010101
000000010111
000000011001
000000011100
000000011110
000000100000
000000100011
000000100110
000000101000
000000101011
000000101110
000000110001
000000110100
000000111000
000000111011
000000111111
000001000010
000001000110
000001001010
000001001110
000001010010
000001010110
000001011010
000001011111
000001100011
000001101000
000001101101
000001110010
000001110111
000001111100
000010000001
000010000110
000010001100
000010010001
000010010111
000010011101
000010100011
000010101001
000010101111
000010110110
000010111100
000011000011
000011001001
000011010000
000011010111
000011011110
000011100110
000011101101
000011110100
000011111100
000100000100
000100001100
000100010100
000100011100
000100100100
000100101100
000100110101
000100111110
000101000110
000101001111
000101011000
000101100001
000101101011
000101110100
000101111110
000110000111
000110010001
000110011011
000110100101
000110110000
000110111010
000111000101
000111001111
000111011010
000111100101
000111110000
000111111011
001000000111
001000010010
001000011110
001000101001
001000110101
001001000001
001001001101
001001011010
001001100110
001001110011
001010000000
001010001100
001010011001
001010100111
001010110100
001011000001
001011001111
001011011101
001011101011
001011111001
001100000111
001100010101
001100100011
001100110010
001101000001
001101010000
001101011111
001101101110
001101111101
001110001101
001110011100
001110101100
001110111100
001111001100
001111011100
001111101100
001111111101
010000001110
010000011110
010000101111
010001000000
010001010010
010001100011
010001110100
010010000110
010010011000
010010101010
010010111100
010011001110
010011100001
010011110011
010100000110
010100011001
010100101100
010100111111
010101010010
010101100110
010101111010
010110001101
010110100001
010110110101
010111001010
010111011110
010111110011
011000000111
011000011100
011000110001
011001000110
011001011100
011001110001
011010000111
011010011101
011010110011
011011001001
011011011111
011011110101
011100001100
011100100011
011100111010
011101010001
011101101000
011101111111
011110010111
011110101110
011111000110
011111011110
011111110110
100000001111
100000100111
100001000000
100001011000
100001110001
100010001010
100010100100
100010111101
100011010111
100011110000
100100001010
100100100100
100100111111
100101011001
100101110011
100110001110
100110101001
100111000100
100111011111
100111111011
101000010110
101000110010
101001001110
101001101010
101010000110
101010100010
101010111111
101011011011
101011111000
101100010101
101100110010
101101001111
101101101101
101110001010
101110101000
101111000110
101111100100
110000000011
110000100001
110001000000
110001011110
110001111101
110010011100
110010111100
110011011011
110011111011
110100011011
110100111011
110101011011
110101111011
110110011011
110110111100
110111011101
110111111110
111000011111
111001000000
111001100010
111010000011
111010100101
111011000111
111011101001
111100001011
111100101110
111101010000
111101110011
111110010110
111110111001
111111011101
L
000000000000
000111111110
001100101000
001111111100
010010100000
010100100110
010110011000
010111111010
011001010001
011010011110
011011100100
011100100100
011101011111
011110010110
011111001001
011111111000
100000100101
100001001111
100001110110
100010011100
100011000000
100011100010
100100000011
100100100010
100101000000
100101011101
100101111001
100110010100
100110101110
100111000111
100111011111
100111110110
101000001101
101000100011
101000111000
101001001101
101001100001
101001110100
101010001000
101010011010
101010101100
101010111110
101011001111
101011100000
101011110001
101100000001
101100010001
101100100000
101100110000
101100111110
101101001101
101101011011
101101101001
101101110111
101110000100
101110010010
101110011111
101110101100
101110111000
101111000101
101111010001
101111011101
101111101000
101111110100
101111111111
110000001011
110000010110
110000100001
110000101011
110000110110
110001000000
110001001011
110001010101
110001011111
110001101001
110001110010
110001111100
110010000110
110010001111
110010011000
110010100001
110010101010
110010110011
110010111100
110011000101
110011001101
110011010110
110011011110
110011100111
110011101111
110011110111
110011111111
110100000111
110100001111
110100010111
110100011110
110100100110
110100101110
110100110101
110100111100
110101000100
110101001011
110101010010
110101011001
110101100000
110101100111
110101101110
110101110101
110101111100
110110000010
110110001001
110110010000
110110010110
110110011101
110110100011
110110101010
110110110000
110110110110
110110111100
110111000011
110111001001
110111001111
110111010101
110111011011
110111100001
110111100110
110111101100
110111110010
110111111000
110111111101
111000000011
111000001001
111000001110
111000010100
111000011001
111000011111
111000100100
111000101001
111000101111
111000110100
111000111001
111000111110
111001000100
111001001001
111001001110
111001010011
111001011000
111001011101
111001100010
111001100111
111001101100
111001110000
111001110101
111001111010
111001111111
111010000100
111010001000
111010001101
111010010010
111010010110
111010011011
111010011111
111010100100
111010101000
111010101101
111010110001
111010110110
111010111010
111010111110
111011000011
111011000111
111011001011
111011010000
111011010100
111011011000
111011011100
111011100000
111011100101
111011101001
111011101101
111011110001
111011110101
111011111001
111011111101
111100000001
111100000101
111100001001
111100001101
111100010001
111100010101
111100011000
111100011100
111100100000
111100100100
111100101000
111100101100
111100101111
111100110011
111100110111
111100111010
111100111110
111101000010
111101000101
111101001001
111101001101
111101010000
111101010100
111101010111
111101011011
111101011110
111101100010
111101100101
111101101001
111101101100
111101110000
111101110011
111101110110
111101111010
111101111101
111110000000
111110000100
111110000111
111110001010
111110001110
111110010001
111110010100
111110011000
111110011011
111110011110
111110100001
111110100100
111110101000
111110101011
111110101110
111110110001
111110110100
111110110111
111110111010
111110111101
111111000001
111111000100
111111000111
111111001010
111111001101
111111010000
111111010011
111111010110
111111011001
111111011100
111111011111
111111100001
111111100100
111111100111
111111101010
111111101101
111111110000
